2457822.70568 16.009
2457822.70846 15.997
2457826.64743 13.742
2457826.64895 13.736
2457827.55460 13.398
2457827.55610 13.419
2457827.64479 13.384
2457827.64630 13.383
2457828.63708 13.079
2457828.63860 13.078
2457829.83431 12.821
2457829.83581 12.810
2457831.64549 12.395
2457831.64699 12.387
2457833.85273 12.138
2457833.85372 12.130
2457836.63937 11.917
2457836.64036 11.893
2457839.38552 11.762
2457839.38652 11.713
2457840.27816 11.728
2457840.27914 11.727
2457841.34758 11.803
2457842.51255 11.689
2457842.51355 11.694
2457843.34830 11.731
2457843.34929 11.728
2457844.56626 11.726
2457844.56725 11.734
2457845.52591 11.757
2457845.52692 11.757
2457846.54853 11.811
2457846.54954 11.820
2457847.55192 11.836
2457847.55292 11.837
2457849.64828 12.014
2457849.64926 12.020
2457850.59940 12.079
2457850.60038 12.074
2457851.58946 12.186
2457851.59044 12.173
2457852.61233 12.179
2457852.61331 12.169
2457853.62464 12.223
2457853.62565 12.229
2457854.62324 12.320
2457854.62422 12.321
2457855.65649 12.412
2457855.65748 12.410
2457856.71367 12.499
2457856.71464 12.502
2457857.73727 12.603
2457857.73825 12.589
2457858.77205 12.673
2457858.77303 12.663
2457859.95302 12.763
2457859.95401 12.774
2457861.17093 12.896
2457861.17191 12.908
2457862.30045 13.569
2457862.30146 13.019
2457863.33610 12.750
2457864.45804 13.490
2457865.62355 13.280
2457865.62454 13.278
2457867.51582 12.921
2457867.69885 13.944
2457868.47441 13.472
2457868.47721 13.482
2457872.23777 13.771
2457872.24057 13.759
2457873.27941 13.847
2457873.28220 13.847
2457875.24576 13.955
2457875.24855 13.954
2457876.24368 14.022
2457876.24648 14.038
2457877.26913 14.066
2457877.27200 14.062
2457877.31322 14.076
2457877.56401 14.103
2457877.56551 14.108
2457880.50495 14.216
2457880.50648 14.214
2457883.24608 14.315
2457883.24759 14.307
2457886.91063 14.423
2457886.91213 14.411
2457889.23973 14.459
2457889.24124 14.449
2457892.38690 14.518
2457892.38840 14.526
2457895.78942 14.579
2457898.54330 14.636
2457898.54483 14.642
2457901.76615 14.681
2457901.76768 14.690
2457901.78510 14.670
2457901.78664 14.675
2457901.94576 14.704
2457901.94727 14.718
2457904.68564 14.727
2457904.68718 14.719
2457907.27272 14.759
2457907.27422 14.767
2457910.26534 14.798
2457910.26685 14.807
2457913.68675 14.861
2457913.68825 14.869
2457916.68308 14.911
2457916.68462 14.901
2457923.71690 15.010
2457923.71840 15.006
2457926.38276 15.035
2457926.38426 15.044
2457926.95087 15.043
2457926.95238 15.047
2457933.65095 15.155
2457933.65249 15.143
2457935.27564 15.159
2457935.27715 15.165
2457941.22045 15.264
2457941.22200 15.254
2457947.24444 15.341
2457947.24600 15.337
2457954.30381 15.445
2457954.30537 15.449
2457955.22050 15.468
2457955.22207 15.456
2457961.00163 15.547
2457961.00318 15.553
2457966.87518 15.633
2457966.87674 15.646
2457973.32808 15.729
2457973.32963 15.747
2457980.48079 15.858
2457980.48233 15.878
2457997.91236 16.115
2457997.91391 16.092
2458001.26515 16.172
2458001.26669 16.184
2458007.24116 16.268
2458007.24271 16.270
2458011.86712 16.281
2458011.86867 16.330
2458013.87194 16.329
2458013.87349 16.364

