2457826.0 14.1884451581
2457826.5 13.9032684373
2457827.0 13.6535970819
2457827.5 13.4331356875
2457828.0 13.2394456274
2457828.5 13.0695460864
2457829.0 12.9199194886
2457829.5 12.7896506321
2457830.0 12.6727394382
2457830.5 12.5661182502
2457831.0 12.4677382933
2457831.5 12.3758697496
2457832.0 12.2895248332
2457832.5 12.2066311522
2457833.0 12.1297664562
2457833.5 12.0608943598
2457834.0 11.9992215055
2457834.5 11.9453303546
2457835.0 11.8980280176
2457835.5 11.8567757619
2457836.0 11.8211917076
2457836.5 11.7913285480
2457837.0 11.7663670965
2457837.5 11.7458897800
2457838.0 11.7290639128
2457838.5 11.7146153889
2457839.0 11.7029224420
2457839.5 11.6941054169
2457840.0 11.6881367030
2457840.5 11.6852876401
2457841.0 11.6851851106
2457841.5 11.6874429993
2457842.0 11.6919522790
2457842.5 11.6983259560
2457843.0 11.7066492469
2457843.5 11.7168614895
2457844.0 11.7289464909
2457844.5 11.7428420329
2457845.0 11.7584302481
2457845.5 11.7753478530
2457846.0 11.7936712905
2457846.5 11.8132605901
2457847.0 11.8341855213
2457847.5 11.8564395946
2457848.0 11.8800913708
2457848.5 11.9052676415
2457849.0 11.9318648106
2457849.5 11.9594862455
2457850.0 11.9882217347
2457850.5 12.0178359629
2457851.0 12.0485026904
2457851.5 12.0804001345
2457852.0 12.1136509818
2457852.5 12.1485099392
2457853.0 12.1850369744
2457853.5 12.2235846418
2457854.0 12.2637173658
2457854.5 12.3038579549
2457855.0 12.3442032609
2457855.5 12.3844061129
2457856.0 12.4244218872
2457856.5 12.4640977397
2457857.0 12.5033034871
2457857.5 12.5414925144
2457858.0 12.5789619233
2457858.5 12.6168418035
2457859.0 12.6551088040
2457859.5 12.6946635456
2457860.0 12.7353390225
2457860.5 12.7769194754
2457861.0 12.8194184202
2457861.5 12.8626522414
2457862.0 12.9064834938
2457862.5 12.9500927666
2457863.0 12.9934179670
2457863.5 13.0358587477
2457864.0 13.0773361834
2457864.5 13.1176999876
2457865.0 13.1567976891
2457865.5 13.1945323492
2457866.0 13.2308404066
2457866.5 13.2661706593
2457867.0 13.3005220725
2457867.5 13.3350326108
2457868.0 13.3695195707
2457868.5 13.4040364670
2457869.0 13.4385548551
2457869.5 13.4731659906
2457870.0 13.5078450264
2457870.5 13.5426978183
2457871.0 13.5777013071
2457871.5 13.6130414109
2457872.0 13.6486038711
2457872.5 13.6837511921
2457873.0 13.7184324055
2457873.5 13.7521987972
2457874.0 13.7850047634
2457874.5 13.8169652522
2457875.0 13.8479770712
2457875.5 13.8781144281
2457876.0 13.9072732626
2457876.5 13.9355206970
2457877.0 13.9627545622
2457877.5 13.9890362191
2457878.0 14.0142692662
2457878.5 14.0385117037
2457879.0 14.0616778759
2457879.5 14.0838258674
2457880.0 14.1048914824
2457880.5 14.1250684516
2457881.0 14.1442888144
2457881.5 14.1626197512
2457882.0 14.1800097169
2457882.5 14.1965114442
2457883.0 14.2120743617
2457883.5 14.2267604942
2457884.0 14.2405254117
2457884.5 14.2534403361
2457885.0 14.2654670214
2457885.5 14.2766743482
2457886.0 14.2870353446

